32 210
32 271
32 332
32 393
32 454
32 515
93 515
154 515
154 454
0 0
32 576
32 638
32 699
32 760
32 821
32 882
32 943
93 943
154 943
215 943
277 943
338 943
399 943
460 943
521 943
582 943
643 943
705 943
766 943
766 882
766 821
766 760
766 699
766 638
766 576
766 515
766 454
766 393
766 332
766 271
766 210
705 210
643 210
643 271
643 332
643 393
643 454
643 515
643 576
643 638
643 699
643 760
643 821
582 821
521 821
521 760
0 0
93 454
93 393
93 332
93 271
93 210
154 210
215 210
277 210
338 210
399 210
460 210
521 210
582 210
582 271
582 332
582 393
0 0
93 699
93 638
93 576
154 576
215 576
215 515
277 515
338 515
338 454
338 393
338 332
399 332
460 332
0 0
93 760
93 821
93 882
154 882
215 882
277 882
338 882
399 882
460 882
521 882
582 882
643 882
705 882
705 821
705 760
705 699
705 638
705 576
705 515
705 454
705 393
705 332
705 271
0 0
154 271
154 332
154 393
215 393
215 454
0 0
154 821
154 760
154 699
154 638
215 638
277 638
277 576
338 576
399 576
399 515
399 454
399 393
460 393
521 393
521 332
521 271
460 271
399 271
338 271
277 271
215 271
0 0
215 332
277 332
277 393
277 454
0 0
277 760
338 760
399 760
460 760
460 699
521 699
521 638
521 576
0 0
338 638
399 638
460 638
460 576
460 515
521 515
582 515
582 576
582 638
582 699
582 760
0 0
399 699
338 699
277 699
215 699
215 760
215 821
277 821
338 821
399 821
460 821
0 0
460 454
521 454
582 454
0 0
